import numpy as np

C = [
  106.750000 60.410000 60.410000 0.000000 0.000000 0.000000 ;
  60.410000 106.750000 60.410000 0.000000 0.000000 0.000000 ;
  60.410000 60.410000 106.750000 0.000000 0.000000 0.000000 ;
  0.000000 0.000000 0.000000 28.340000 0.000000 0.000000 ;
  0.000000 0.000000 0.000000 0.000000 28.340000 0.000000 ;
  0.000000 0.000000 0.000000 0.000000 0.000000 28.340000 ;
]

K = [
  0.100133 0.549847 0.350020 -0.877400 0.374425 -0.469288 ;
  0.001626 0.375271 0.623103 0.967124 -0.063668 -0.049410 ;
  0.898241 0.074882 0.026877 -0.089725 -0.310757 0.518698 ;
  -0.038222 0.167633 -0.129412 0.115576 0.754740 0.569553 ;
  -0.299906 0.202913 0.096993 -0.283462 -0.508838 0.616185 ;
  0.012761 0.454249 -0.467010 0.222904 -0.225927 -0.223752 ;
]

KT = [
  0.100133 0.001626 0.898241 -0.038222 -0.299906 0.012761 ;
  0.549847 0.375271 0.074882 0.167633 0.202913 0.454249 ;
  0.350020 0.623103 0.026877 -0.129412 0.096993 -0.467010 ;
  -0.877400 0.967124 -0.089725 0.115576 -0.283462 0.222904 ;
  0.374425 -0.063668 -0.310757 0.754740 -0.508838 -0.225927 ;
  -0.469288 -0.049410 0.518698 0.569553 0.616185 -0.223752 ;
]

K = np.matrix(K)
KT = np.matrix(KT)
C = np.matrix(C)

print K * C

CS = np.dot(K C)
CS = np.dot(CS KT)

